Selection	View	Channel	Begin Time (s)	End Time (s)	Low Freq (Hz)	High Freq (Hz)	Delta Freq (Hz)	Delta Time (s)	Begin File	File Offset (s)	Song No.	Note types
1	Spectrogram 1	1	1.008288222	1.1231565	3406.3	4004.4	598.1	0.115	SHAL-KODAI-RUGG-0001.WAV	1.008	001	A_01
2	Spectrogram 1	1	1.289077347	1.508177952	3380.3	3770.3	390	0.219	SHAL-KODAI-RUGG-0001.WAV	1.289	001	A_01
3	Spectrogram 1	1	1.610283088	1.750677651	4784.4	5278.5	494	0.14	SHAL-KODAI-RUGG-0001.WAV	1.61	001	B_01
4	Spectrogram 1	1	1.786839887	2.018703634	5122.5	7592.7	2470.2	0.232	SHAL-KODAI-RUGG-0001.WAV	1.787	001	C_01
5	Spectrogram 1	1	2.099536867	2.384580373	3978.4	8450.8	4472.4	0.285	SHAL-KODAI-RUGG-0001.WAV	2.1	001	D_01
6	Spectrogram 1	1	2.452650464	2.641970404	2808.3	6136.6	3328.3	0.189	SHAL-KODAI-RUGG-0001.WAV	2.453	001	E_01
7	Spectrogram 1	1	2.74407554	3.024864666	2964.3	3536.3	572.1	0.281	SHAL-KODAI-RUGG-0001.WAV	2.744	001	F_01
8	Spectrogram 1	1	3.11207947	3.307780981	2886.3	3640.3	754.1	0.196	SHAL-KODAI-RUGG-0001.WAV	3.112	001	G_01
9	Spectrogram 1	1	3.454557115	3.643877055	2834.3	3614.3	780.1	0.189	SHAL-KODAI-RUGG-0001.WAV	3.455	001	G_01
10	Spectrogram 1	1	3.816179473	3.905521467	6292.6	8086.7	1794.2	0.089	SHAL-KODAI-RUGG-0001.WAV	3.816	001	H_01
11	Spectrogram 1	1	3.999117842	4.211836876	5538.5	6864.6	1326.1	0.213	SHAL-KODAI-RUGG-0001.WAV	3.999	001	I_01
12	Spectrogram 1	1	4.243744731	4.335213916	2808.3	7722.7	4914.4	0.091	SHAL-KODAI-RUGG-0001.WAV	4.244	001	J_01
13	Spectrogram 1	1	4.399029626	4.703217845	2314.2	5200.5	2886.3	0.304	SHAL-KODAI-RUGG-0001.WAV	4.399	001	K_01
14	Spectrogram 1	1	4.73299851	4.894664976	2028.2	2600.2	572.1	0.162	SHAL-KODAI-RUGG-0001.WAV	4.733	001	L_01
15	Spectrogram 1	1	4.956720341	5.060952667	5824.5	8086.7	2262.2	0.104	SHAL-KODAI-RUGG-0001.WAV	4.957	001	M_01
16	Spectrogram 1	1	5.124768378	5.307706747	5330.5	7956.7	2626.2	0.183	SHAL-KODAI-RUGG-0001.WAV	5.125	001	N_01
17	Spectrogram 1	1	5.441719738	5.528934542	5044.5	7566.7	2522.2	0.087	SHAL-KODAI-RUGG-0001.WAV	5.442	001	C_01
18	Spectrogram 1	1	9.025875276	9.723593708	4654.4	6552.6	1898.2	0.698	SHAL-KODAI-RUGG-0001.WAV	9.026	002	O_01
19	Spectrogram 1	1	9.832080415	10.191575583	2730.2	4160.4	1430.1	0.359	SHAL-KODAI-RUGG-0001.WAV	9.832	002	P_01
20	Spectrogram 1	1	10.212847486	10.417057759	2002.2	2808.3	806.1	0.204	SHAL-KODAI-RUGG-0001.WAV	10.213	002	L_01
21	Spectrogram 1	1	10.448965614	10.591487367	5902.5	7566.7	1664.2	0.143	SHAL-KODAI-RUGG-0001.WAV	10.449	002	Q_01
22	Spectrogram 1	1	10.638285554	10.874403682	5902.5	7540.7	1638.1	0.236	SHAL-KODAI-RUGG-0001.WAV	10.638	002	Q_01
23	Spectrogram 1	1	14.617053631	15.148851217	5096.5	6812.6	1716.2	0.532	SHAL-KODAI-RUGG-0001.WAV	14.617	003	O_01
24	Spectrogram 1	1	15.459421007	15.735955751	4628.4	6370.6	1742.2	0.277	SHAL-KODAI-RUGG-0001.WAV	15.459	003	R_01
25	Spectrogram 1	1	15.823170555	16.061415873	3380.3	5356.5	1976.2	0.238	SHAL-KODAI-RUGG-0001.WAV	15.823	003	S_01
26	Spectrogram 1	1	16.148630677	16.389003186	2756.2	3978.4	1222.1	0.24	SHAL-KODAI-RUGG-0001.WAV	16.149	003	P_01
27	Spectrogram 1	1	16.403893518	16.571941555	1924.2	2912.3	988.1	0.168	SHAL-KODAI-RUGG-0001.WAV	16.404	003	L_01
28	Spectrogram 1	1	16.654901979	16.778279018	6162.6	7852.7	1690.2	0.123	SHAL-KODAI-RUGG-0001.WAV	16.655	003	H_01
29	Spectrogram 1	1	16.837840348	17.056940953	5512.5	6734.6	1222.1	0.219	SHAL-KODAI-RUGG-0001.WAV	16.838	003	I_01
30	Spectrogram 1	1	17.119370242	17.264019185	5382.5	7644.7	2262.2	0.145	SHAL-KODAI-RUGG-0001.WAV	17.119	003	C_01
31	Spectrogram 1	1	17.372505893	17.591606498	3770.3	5486.5	1716.2	0.219	SHAL-KODAI-RUGG-0001.WAV	17.373	003	T_01
32	Spectrogram 1	1	17.642659066	17.857505291	2756.2	3666.3	910.1	0.215	SHAL-KODAI-RUGG-0001.WAV	17.643	003	U_01
33	Spectrogram 1	1	17.91706662	18.048952421	2704.2	4056.4	1352.1	0.132	SHAL-KODAI-RUGG-0001.WAV	17.917	003	P_01
34	Spectrogram 1	1	18.087241848	18.22550922	2548.2	3796.3	1248.1	0.138	SHAL-KODAI-RUGG-0001.WAV	18.087	003	V_01
35	Spectrogram 1	1	18.238272362	18.370158163	2548.2	3016.3	468	0.132	SHAL-KODAI-RUGG-0001.WAV	18.238	003	W_01
36	Spectrogram 1	1	21.483536668	21.698382892	5330.5	5850.5	520	0.215	SHAL-KODAI-RUGG-0001.WAV	21.484	004	X_01
37	Spectrogram 1	1	21.857922168	22.219544526	4940.4	7098.6	2158.2	0.362	SHAL-KODAI-RUGG-0001.WAV	21.858	004	Y_01
38	Spectrogram 1	1	22.272724285	22.559894981	3250.3	5122.5	1872.2	0.287	SHAL-KODAI-RUGG-0001.WAV	22.273	004	S_01
39	Spectrogram 1	1	22.634346643	22.883227913	2912.3	4602.4	1690.2	0.249	SHAL-KODAI-RUGG-0001.WAV	22.634	004	Z_01
40	Spectrogram 1	1	22.944916433	23.229959938	2964.3	3744.3	780.1	0.285	SHAL-KODAI-RUGG-0001.WAV	22.945	004	F_01
41	Spectrogram 1	1	23.270376555	23.410771117	3302.3	4160.4	858.1	0.14	SHAL-KODAI-RUGG-0001.WAV	23.27	004	A_02
42	Spectrogram 1	1	23.449060543	23.723468098	6240.6	7514.7	1274.1	0.274	SHAL-KODAI-RUGG-0001.WAV	23.449	004	B_02
43	Spectrogram 1	1	28.586805374	28.68465613	3770.3	4290.4	520	0.098	SHAL-KODAI-RUGG-0001.WAV	28.587	005	C_02
44	Spectrogram 1	1	28.846322596	29.033515346	2860.3	3822.3	962.1	0.187	SHAL-KODAI-RUGG-0001.WAV	28.846	005	U_01
45	Spectrogram 1	1	29.171782718	29.461080605	2704.2	4316.4	1612.1	0.289	SHAL-KODAI-RUGG-0001.WAV	29.172	005	D_02
46	Spectrogram 1	1	29.514260363	29.873755531	3666.3	8216.7	4550.4	0.359	SHAL-KODAI-RUGG-0001.WAV	29.514	005	E_02
47	Spectrogram 1	1	29.897154625	30.065202662	4524.4	4836.4	312	0.168	SHAL-KODAI-RUGG-0001.WAV	29.897	005	F_02
48	Spectrogram 1	1	30.130772063	30.330727955	2496.2	4628.4	2132.2	0.2	SHAL-KODAI-RUGG-0001.WAV	30.131	005	G_02
49	Spectrogram 1	1	30.375398952	30.647679316	2886.3	3458.3	572.1	0.272	SHAL-KODAI-RUGG-0001.WAV	30.375	005	F_01
50	Spectrogram 1	1	30.743402881	30.919959679	3224.3	3692.3	468	0.177	SHAL-KODAI-RUGG-0001.WAV	30.743	005	H_02
51	Spectrogram 1	1	30.966757867	31.281582038	6084.6	7670.7	1586.1	0.315	SHAL-KODAI-RUGG-0001.WAV	30.967	005	Q_01
52	Spectrogram 1	1	37.603351662	37.671421753	5018.5	5460.5	442	0.068	SHAL-KODAI-RUGG-0001.WAV	37.603	006	I_02
53	Spectrogram 1	1	37.854360123	38.058570395	5252.5	5668.5	416	0.204	SHAL-KODAI-RUGG-0001.WAV	37.854	006	I_02
54	Spectrogram 1	1	38.186201816	38.298942904	5200.5	5616.5	416	0.113	SHAL-KODAI-RUGG-0001.WAV	38.186	006	I_02
55	Spectrogram 1	1	38.375521756	38.573350458	3458.3	3952.4	494	0.198	SHAL-KODAI-RUGG-0001.WAV	38.376	006	A_01
56	Spectrogram 1	1	38.596749552	38.83712206	4342.4	4940.4	598.1	0.24	SHAL-KODAI-RUGG-0001.WAV	38.597	006	F_02
57	Spectrogram 1	1	38.862648345	39.064731427	2470.2	4602.4	2132.2	0.202	SHAL-KODAI-RUGG-0001.WAV	38.863	006	G_02
58	Spectrogram 1	1	39.117911186	39.379555598	2964.3	4888.4	1924.2	0.262	SHAL-KODAI-RUGG-0001.WAV	39.118	006	J_02
59	Spectrogram 1	1	39.471024782	39.798612095	2912.3	3432.3	520	0.328	SHAL-KODAI-RUGG-0001.WAV	39.471	006	F_01
60	Spectrogram 1	1	42.592912049	42.794995131	5226.5	6266.6	1040.1	0.202	SHAL-KODAI-RUGG-0001.WAV	42.593	007	K_02
61	Spectrogram 1	1	43.143854347	43.452296947	5226.5	6136.6	910.1	0.308	SHAL-KODAI-RUGG-0001.WAV	43.144	007	K_02
62	Spectrogram 1	1	43.511858276	43.799028972	3224.3	4758.4	1534.1	0.287	SHAL-KODAI-RUGG-0001.WAV	43.512	007	L_02
63	Spectrogram 1	1	43.894752538	44.086199668	2938.3	4628.4	1690.2	0.191	SHAL-KODAI-RUGG-0001.WAV	43.895	007	Z_01
64	Spectrogram 1	1	44.137252236	44.445694836	2886.3	3406.3	520	0.308	SHAL-KODAI-RUGG-0001.WAV	44.137	007	F_01
65	Spectrogram 1	1	44.513764927	44.688194535	3172.3	4134.4	962.1	0.174	SHAL-KODAI-RUGG-0001.WAV	44.514	007	A_02
66	Spectrogram 1	1	47.701216498	47.77779535	5174.5	5668.5	494	0.077	SHAL-KODAI-RUGG-0001.WAV	47.701	008	I_02
67	Spectrogram 1	1	47.982005623	48.201106228	5330.5	5902.5	572.1	0.219	SHAL-KODAI-RUGG-0001.WAV	47.982	008	X_01
68	Spectrogram 1	1	48.39893493	48.705250339	4940.4	6448.6	1508.1	0.306	SHAL-KODAI-RUGG-0001.WAV	48.399	008	M_02
69	Spectrogram 1	1	48.779702001	49.066872697	3198.3	4992.5	1794.2	0.287	SHAL-KODAI-RUGG-0001.WAV	48.78	008	S_01
70	Spectrogram 1	1	49.162596263	49.377442487	2600.2	4732.4	2132.2	0.215	SHAL-KODAI-RUGG-0001.WAV	49.163	008	G_02
71	Spectrogram 1	1	49.400841581	49.688012277	2366.2	3380.3	1014.1	0.287	SHAL-KODAI-RUGG-0001.WAV	49.401	008	N_02
72	Spectrogram 1	1	49.739064845	49.851805933	6032.5	8164.7	2132.2	0.113	SHAL-KODAI-RUGG-0001.WAV	49.739	008	M_01
73	Spectrogram 1	1	49.932639166	50.121959107	5382.5	6838.6	1456.1	0.189	SHAL-KODAI-RUGG-0001.WAV	49.933	008	I_01
74	Spectrogram 1	1	50.162375723	50.241081766	2730.2	7436.7	4706.4	0.079	SHAL-KODAI-RUGG-0001.WAV	50.162	008	J_01
75	Spectrogram 1	1	50.33042376	50.709063641	2782.3	3458.3	676.1	0.379	SHAL-KODAI-RUGG-0001.WAV	50.33	008	F_01
76	Spectrogram 1	1	50.76437059	51.051541286	2626.2	3094.3	468	0.287	SHAL-KODAI-RUGG-0001.WAV	50.764	008	W_01
77	Spectrogram 1	1	51.151519232	51.381255789	2496.2	2964.3	468	0.23	SHAL-KODAI-RUGG-0001.WAV	51.152	008	W_01
78	Spectrogram 1	1	53.834192366	54.085200827	5200.5	6422.6	1222.1	0.251	SHAL-KODAI-RUGG-0001.WAV	53.834	009	K_02
79	Spectrogram 1	1	54.678686932	54.987129532	4836.4	6708.6	1872.2	0.308	SHAL-KODAI-RUGG-0001.WAV	54.679	009	O_01
80	Spectrogram 1	1	55.148795997	55.440221074	5200.5	5876.5	676.1	0.291	SHAL-KODAI-RUGG-0001.WAV	55.149	009	X_01
81	Spectrogram 1	1	55.472128929	55.731646151	3276.3	4680.4	1404.1	0.26	SHAL-KODAI-RUGG-0001.WAV	55.472	009	L_02
82	Spectrogram 1	1	55.801843432	56.052851893	4420.4	5018.5	598.1	0.251	SHAL-KODAI-RUGG-0001.WAV	55.802	009	F_02
83	Spectrogram 1	1	56.065615035	56.265570927	2548.2	4836.4	2288.2	0.2	SHAL-KODAI-RUGG-0001.WAV	56.066	009	G_02
84	Spectrogram 1	1	56.308114734	56.582522288	2938.3	3562.3	624.1	0.274	SHAL-KODAI-RUGG-0001.WAV	56.308	009	F_01
85	Spectrogram 1	1	56.639956427	56.790986941	3016.3	4186.4	1170.1	0.151	SHAL-KODAI-RUGG-0001.WAV	56.64	009	A_02
86	Spectrogram 1	1	59.924659343	60.205448468	4264.4	6500.6	2236.2	0.281	SHAL-KODAI-RUGG-0001.WAV	59.925	010	O_02
87	Spectrogram 1	1	60.503255116	60.835096809	4602.4	6162.6	1560.1	0.332	SHAL-KODAI-RUGG-0001.WAV	60.503	010	R_01
88	Spectrogram 1	1	61.064833366	61.241390164	5200.5	5616.5	416	0.177	SHAL-KODAI-RUGG-0001.WAV	61.065	010	I_02
89	Spectrogram 1	1	61.317969016	61.607266903	3302.3	4472.4	1170.1	0.289	SHAL-KODAI-RUGG-0001.WAV	61.318	010	L_02
90	Spectrogram 1	1	61.662573852	61.856148173	4004.4	7618.7	3614.3	0.194	SHAL-KODAI-RUGG-0001.WAV	61.663	010	P_02
91	Spectrogram 1	1	61.932727025	62.128428536	6812.6	8398.8	1586.1	0.196	SHAL-KODAI-RUGG-0001.WAV	61.933	010	Q_02
92	Spectrogram 1	1	62.168845153	62.296476573	4576.4	7150.6	2574.2	0.128	SHAL-KODAI-RUGG-0001.WAV	62.169	010	R_02
93	Spectrogram 1	1	62.356037903	62.553866605	2340.2	3900.4	1560.1	0.198	SHAL-KODAI-RUGG-0001.WAV	62.356	010	S_02
94	Spectrogram 1	1	62.58790165	62.885708298	2418.2	3718.3	1300.1	0.298	SHAL-KODAI-RUGG-0001.WAV	62.588	010	T_02
95	Spectrogram 1	1	62.968668721	63.236694704	2444.2	3380.3	936.1	0.268	SHAL-KODAI-RUGG-0001.WAV	62.969	010	N_02
96	Spectrogram 1	1	65.97105813	66.213557829	5304.5	6084.6	780.1	0.242	SHAL-KODAI-RUGG-0001.WAV	65.971	011	X_01
97	Spectrogram 1	1	66.377351486	66.660267801	4966.5	6162.6	1196.1	0.283	SHAL-KODAI-RUGG-0001.WAV	66.377	011	U_02
98	Spectrogram 1	1	66.726210702	67.000618256	3406.3	4732.4	1326.1	0.274	SHAL-KODAI-RUGG-0001.WAV	66.726	011	L_02
99	Spectrogram 1	1	67.08783306	67.313315236	2912.3	4680.4	1768.2	0.225	SHAL-KODAI-RUGG-0001.WAV	67.088	011	Z_01
100	Spectrogram 1	1	67.370749375	67.670683213	2990.3	3562.3	572.1	0.3	SHAL-KODAI-RUGG-0001.WAV	67.371	011	F_01
101	Spectrogram 1	1	67.760025208	68.013160858	2626.2	3822.3	1196.1	0.253	SHAL-KODAI-RUGG-0001.WAV	67.76	011	V_01
102	Spectrogram 1	1	68.083358139	68.379037597	2522.2	3484.3	962.1	0.296	SHAL-KODAI-RUGG-0001.WAV	68.083	011	N_02
103	Spectrogram 1	1	68.45987083	68.723642432	5642.5	7410.7	1768.2	0.264	SHAL-KODAI-RUGG-0001.WAV	68.46	011	V_02
104	Spectrogram 1	1	68.783203762	69.042720983	2860.3	8502.8	5642.5	0.26	SHAL-KODAI-RUGG-0001.WAV	68.783	011	W_02
105	Spectrogram 1	1	69.108663884	69.327764489	1976.2	4134.4	2158.2	0.219	SHAL-KODAI-RUGG-0001.WAV	69.109	011	X_02
106	Spectrogram 1	1	74.138594646	74.264098876	5018.5	5486.5	468	0.126	SHAL-KODAI-RUGG-0001.WAV	74.139	012	I_02
107	Spectrogram 1	1	74.389603106	74.525743288	5954.5	6760.6	806.1	0.136	SHAL-KODAI-RUGG-0001.WAV	74.39	012	Y_02
108	Spectrogram 1	1	74.585304617	74.859712172	4394.4	4940.4	546	0.274	SHAL-KODAI-RUGG-0001.WAV	74.585	012	F_02
109	Spectrogram 1	1	74.891620027	75.029887399	6786.6	7566.7	780.1	0.138	SHAL-KODAI-RUGG-0001.WAV	74.892	012	Z_02
110	Spectrogram 1	1	75.059668064	75.22133453	3978.4	4498.4	520	0.162	SHAL-KODAI-RUGG-0001.WAV	75.06	012	A_03
111	Spectrogram 1	1	75.242606433	75.453198277	4550.4	5174.5	624.1	0.211	SHAL-KODAI-RUGG-0001.WAV	75.243	012	B_01
112	Spectrogram 1	1	75.463834228	75.66166293	3068.3	3744.3	676.1	0.198	SHAL-KODAI-RUGG-0001.WAV	75.464	012	B_03
113	Spectrogram 1	1	75.672298882	75.810566254	2080.2	3588.3	1508.1	0.138	SHAL-KODAI-RUGG-0001.WAV	75.672	012	C_03
114	Spectrogram 1	1	75.880763535	76.112627283	4810.4	8164.7	3354.3	0.232	SHAL-KODAI-RUGG-0001.WAV	75.881	012	D_03
115	Spectrogram 1	1	76.204096467	76.391289217	1482.1	3120.3	1638.1	0.187	SHAL-KODAI-RUGG-0001.WAV	76.204	012	E_03
116	Spectrogram 1	1	82.163830224	82.272316931	5122.5	5538.5	416	0.108	SHAL-KODAI-RUGG-0001.WAV	82.164	013	I_02
117	Spectrogram 1	1	82.382930829	82.531834153	6110.6	6682.6	572.1	0.149	SHAL-KODAI-RUGG-0001.WAV	82.383	013	Y_02
118	Spectrogram 1	1	82.585013911	82.801987326	4472.4	4966.5	494	0.217	SHAL-KODAI-RUGG-0001.WAV	82.585	013	F_02
119	Spectrogram 1	1	82.870057417	83.080649261	4082.4	7150.6	3068.3	0.211	SHAL-KODAI-RUGG-0001.WAV	82.87	013	F_03
120	Spectrogram 1	1	83.112557116	83.32527615	2938.3	3536.3	598.1	0.213	SHAL-KODAI-RUGG-0001.WAV	83.113	013	F_01
121	Spectrogram 1	1	83.365692766	83.45290757	2756.2	3146.3	390	0.087	SHAL-KODAI-RUGG-0001.WAV	83.366	013	W_01
122	Spectrogram 1	1	83.482688235	83.618828417	3458.3	3926.4	468	0.136	SHAL-KODAI-RUGG-0001.WAV	83.483	013	A_01
123	Spectrogram 1	1	83.640100321	84.020867392	3198.3	5044.5	1846.2	0.381	SHAL-KODAI-RUGG-0001.WAV	83.64	013	S_01
124	Spectrogram 1	1	84.129354099	84.378235369	4082.4	6006.5	1924.2	0.249	SHAL-KODAI-RUGG-0001.WAV	84.129	013	G_03
125	Spectrogram 1	1	86.75313019	86.893524752	5148.5	5668.5	520	0.14	SHAL-KODAI-RUGG-0001.WAV	86.753	014	I_02
126	Spectrogram 1	1	86.951910336	87.132721515	6084.6	6552.6	468	0.181	SHAL-KODAI-RUGG-0001.WAV	86.952	014	Y_02
127	Spectrogram 1	1	87.153993418	87.358203691	4394.4	5564.5	1170.1	0.204	SHAL-KODAI-RUGG-0001.WAV	87.154	014	H_03
128	Spectrogram 1	1	87.368839643	87.590067438	3510.3	4004.4	494	0.221	SHAL-KODAI-RUGG-0001.WAV	87.369	014	A_01
129	Spectrogram 1	1	87.621975293	87.826185566	2964.3	4706.4	1742.2	0.204	SHAL-KODAI-RUGG-0001.WAV	87.622	014	Z_01
130	Spectrogram 1	1	87.85171185	88.134628166	2964.3	3562.3	598.1	0.283	SHAL-KODAI-RUGG-0001.WAV	87.852	014	F_01
131	Spectrogram 1	1	88.219715779	88.319693725	6188.6	6864.6	676.1	0.1	SHAL-KODAI-RUGG-0001.WAV	88.22	014	Y_02
